{
 "cells": [
  {
   "cell_type": "code",
   "execution_count": 3,
   "metadata": {},
   "outputs": [],
   "source": [
    "import pandas as pd\n"
   ]
  },
  {
   "cell_type": "code",
   "execution_count": 4,
   "metadata": {},
   "outputs": [],
   "source": [
    "#df = pd.read_csv(\"data.csv\", decimal = ',')\n",
    "columns = pd.read_csv('cols.csv' , header = None)"
   ]
  },
  {
   "cell_type": "code",
   "execution_count": 5,
   "metadata": {},
   "outputs": [],
   "source": [
    "columns = columns.values.tolist()\n"
   ]
  },
  {
   "cell_type": "code",
   "execution_count": 6,
   "metadata": {},
   "outputs": [],
   "source": [
    "#map(lambda x:str(x), columns)"
   ]
  },
  {
   "cell_type": "code",
   "execution_count": 7,
   "metadata": {},
   "outputs": [
    {
     "data": {
      "text/plain": [
       "[['nameoffederalstate'],\n",
       " ['Population_under_18years_2011'],\n",
       " ['Mean_Household_NetIncome'],\n",
       " ['RiskofPoverty'],\n",
       " ['AffluenceQuotient'],\n",
       " ['SocialWelfareRecepients_SGBII'],\n",
       " ['AllErz_Empf_SGBII_ALGII_aFmKu18_IV10'],\n",
       " ['avoidablemortalityICD_I10bI25_V06'],\n",
       " ['Socioeconomicstatus_of_children_enteringschool_SIK4'],\n",
       " ['Number_of_Hospitals_2011'],\n",
       " ['Masern_erste_Dosis'],\n",
       " ['Mumps_erste_Dosis'],\n",
       " ['Roeteln_erste_Dosis']]"
      ]
     },
     "execution_count": 7,
     "metadata": {},
     "output_type": "execute_result"
    }
   ],
   "source": [
    "columns"
   ]
  },
  {
   "cell_type": "code",
   "execution_count": 8,
   "metadata": {},
   "outputs": [],
   "source": [
    "import itertools\n",
    "columns = list(itertools.chain.from_iterable(columns))"
   ]
  },
  {
   "cell_type": "code",
   "execution_count": 9,
   "metadata": {},
   "outputs": [
    {
     "data": {
      "text/html": [
       "<div>\n",
       "<style scoped>\n",
       "    .dataframe tbody tr th:only-of-type {\n",
       "        vertical-align: middle;\n",
       "    }\n",
       "\n",
       "    .dataframe tbody tr th {\n",
       "        vertical-align: top;\n",
       "    }\n",
       "\n",
       "    .dataframe thead th {\n",
       "        text-align: right;\n",
       "    }\n",
       "</style>\n",
       "<table border=\"1\" class=\"dataframe\">\n",
       "  <thead>\n",
       "    <tr style=\"text-align: right;\">\n",
       "      <th></th>\n",
       "      <th>Population_under_18years_2011</th>\n",
       "      <th>Mean_Household_NetIncome</th>\n",
       "      <th>RiskofPoverty</th>\n",
       "      <th>AffluenceQuotient</th>\n",
       "      <th>SocialWelfareRecepients_SGBII</th>\n",
       "      <th>AllErz_Empf_SGBII_ALGII_aFmKu18_IV10</th>\n",
       "      <th>avoidablemortalityICD_I10bI25_V06</th>\n",
       "      <th>Socioeconomicstatus_of_children_enteringschool_SIK4</th>\n",
       "      <th>Number_of_Hospitals_2011</th>\n",
       "      <th>Masern_erste_Dosis</th>\n",
       "      <th>Mumps_erste_Dosis</th>\n",
       "      <th>Roeteln_erste_Dosis</th>\n",
       "    </tr>\n",
       "    <tr>\n",
       "      <th>nameoffederalstate</th>\n",
       "      <th></th>\n",
       "      <th></th>\n",
       "      <th></th>\n",
       "      <th></th>\n",
       "      <th></th>\n",
       "      <th></th>\n",
       "      <th></th>\n",
       "      <th></th>\n",
       "      <th></th>\n",
       "      <th></th>\n",
       "      <th></th>\n",
       "      <th></th>\n",
       "    </tr>\n",
       "  </thead>\n",
       "  <tbody>\n",
       "    <tr>\n",
       "      <th>Schleswig-Holstein</th>\n",
       "      <td>16.88</td>\n",
       "      <td>1934.69</td>\n",
       "      <td>13.8</td>\n",
       "      <td>8.2</td>\n",
       "      <td>1.63</td>\n",
       "      <td>7.95</td>\n",
       "      <td>34.0</td>\n",
       "      <td>48.7</td>\n",
       "      <td>94</td>\n",
       "      <td>96.2</td>\n",
       "      <td>96.0</td>\n",
       "      <td>95.9</td>\n",
       "    </tr>\n",
       "    <tr>\n",
       "      <th>Hamburg</th>\n",
       "      <td>15.30</td>\n",
       "      <td>2361.00</td>\n",
       "      <td>14.7</td>\n",
       "      <td>12.2</td>\n",
       "      <td>1.46</td>\n",
       "      <td>11.14</td>\n",
       "      <td>27.8</td>\n",
       "      <td>49.8</td>\n",
       "      <td>47</td>\n",
       "      <td>95.9</td>\n",
       "      <td>95.4</td>\n",
       "      <td>95.2</td>\n",
       "    </tr>\n",
       "    <tr>\n",
       "      <th>Niedersachsen</th>\n",
       "      <td>17.15</td>\n",
       "      <td>2046.00</td>\n",
       "      <td>15.7</td>\n",
       "      <td>7.1</td>\n",
       "      <td>1.45</td>\n",
       "      <td>6.25</td>\n",
       "      <td>37.5</td>\n",
       "      <td>47.2</td>\n",
       "      <td>197</td>\n",
       "      <td>96.6</td>\n",
       "      <td>96.4</td>\n",
       "      <td>96.3</td>\n",
       "    </tr>\n",
       "    <tr>\n",
       "      <th>Bremen</th>\n",
       "      <td>15.09</td>\n",
       "      <td>1600.00</td>\n",
       "      <td>22.3</td>\n",
       "      <td>7.3</td>\n",
       "      <td>1.42</td>\n",
       "      <td>15.13</td>\n",
       "      <td>35.6</td>\n",
       "      <td>46.3</td>\n",
       "      <td>14</td>\n",
       "      <td>96.4</td>\n",
       "      <td>96.2</td>\n",
       "      <td>96.1</td>\n",
       "    </tr>\n",
       "    <tr>\n",
       "      <th>NRW</th>\n",
       "      <td>16.84</td>\n",
       "      <td>1850.00</td>\n",
       "      <td>16.6</td>\n",
       "      <td>8.0</td>\n",
       "      <td>1.38</td>\n",
       "      <td>8.26</td>\n",
       "      <td>28.8</td>\n",
       "      <td>48.1</td>\n",
       "      <td>401</td>\n",
       "      <td>97.6</td>\n",
       "      <td>97.4</td>\n",
       "      <td>97.3</td>\n",
       "    </tr>\n",
       "    <tr>\n",
       "      <th>Hessen</th>\n",
       "      <td>16.56</td>\n",
       "      <td>2138.00</td>\n",
       "      <td>12.7</td>\n",
       "      <td>10.6</td>\n",
       "      <td>1.20</td>\n",
       "      <td>6.55</td>\n",
       "      <td>32.2</td>\n",
       "      <td>48.3</td>\n",
       "      <td>174</td>\n",
       "      <td>97.0</td>\n",
       "      <td>97.0</td>\n",
       "      <td>97.0</td>\n",
       "    </tr>\n",
       "    <tr>\n",
       "      <th>RheinlandPfalz</th>\n",
       "      <td>16.47</td>\n",
       "      <td>2300.00</td>\n",
       "      <td>15.1</td>\n",
       "      <td>8.9</td>\n",
       "      <td>1.38</td>\n",
       "      <td>5.63</td>\n",
       "      <td>36.2</td>\n",
       "      <td>47.8</td>\n",
       "      <td>95</td>\n",
       "      <td>97.3</td>\n",
       "      <td>97.2</td>\n",
       "      <td>97.2</td>\n",
       "    </tr>\n",
       "    <tr>\n",
       "      <th>Baden-Württemberg</th>\n",
       "      <td>17.17</td>\n",
       "      <td>2280.28</td>\n",
       "      <td>11.2</td>\n",
       "      <td>10.1</td>\n",
       "      <td>1.10</td>\n",
       "      <td>4.36</td>\n",
       "      <td>29.1</td>\n",
       "      <td>51.4</td>\n",
       "      <td>285</td>\n",
       "      <td>94.1</td>\n",
       "      <td>93.5</td>\n",
       "      <td>93.6</td>\n",
       "    </tr>\n",
       "    <tr>\n",
       "      <th>Bayern</th>\n",
       "      <td>16.78</td>\n",
       "      <td>1850.00</td>\n",
       "      <td>11.3</td>\n",
       "      <td>10.2</td>\n",
       "      <td>1.22</td>\n",
       "      <td>3.96</td>\n",
       "      <td>33.4</td>\n",
       "      <td>49.3</td>\n",
       "      <td>370</td>\n",
       "      <td>94.6</td>\n",
       "      <td>94.2</td>\n",
       "      <td>94.0</td>\n",
       "    </tr>\n",
       "    <tr>\n",
       "      <th>Saarland</th>\n",
       "      <td>14.77</td>\n",
       "      <td>2268.46</td>\n",
       "      <td>15.6</td>\n",
       "      <td>6.3</td>\n",
       "      <td>1.28</td>\n",
       "      <td>7.82</td>\n",
       "      <td>39.6</td>\n",
       "      <td>46.4</td>\n",
       "      <td>23</td>\n",
       "      <td>97.7</td>\n",
       "      <td>97.2</td>\n",
       "      <td>97.2</td>\n",
       "    </tr>\n",
       "    <tr>\n",
       "      <th>Berlin</th>\n",
       "      <td>14.55</td>\n",
       "      <td>1750.00</td>\n",
       "      <td>21.1</td>\n",
       "      <td>7.3</td>\n",
       "      <td>1.52</td>\n",
       "      <td>15.54</td>\n",
       "      <td>32.9</td>\n",
       "      <td>49.2</td>\n",
       "      <td>79</td>\n",
       "      <td>95.4</td>\n",
       "      <td>95.0</td>\n",
       "      <td>95.0</td>\n",
       "    </tr>\n",
       "    <tr>\n",
       "      <th>Brandenburg</th>\n",
       "      <td>13.78</td>\n",
       "      <td>1750.00</td>\n",
       "      <td>16.9</td>\n",
       "      <td>5.5</td>\n",
       "      <td>2.18</td>\n",
       "      <td>11.00</td>\n",
       "      <td>41.1</td>\n",
       "      <td>48.0</td>\n",
       "      <td>53</td>\n",
       "      <td>98.0</td>\n",
       "      <td>97.8</td>\n",
       "      <td>97.8</td>\n",
       "    </tr>\n",
       "    <tr>\n",
       "      <th>Mecklenburg-Vorpommern</th>\n",
       "      <td>13.42</td>\n",
       "      <td>1594.31</td>\n",
       "      <td>22.2</td>\n",
       "      <td>3.0</td>\n",
       "      <td>2.93</td>\n",
       "      <td>13.39</td>\n",
       "      <td>51.6</td>\n",
       "      <td>47.4</td>\n",
       "      <td>39</td>\n",
       "      <td>98.1</td>\n",
       "      <td>98.0</td>\n",
       "      <td>97.9</td>\n",
       "    </tr>\n",
       "    <tr>\n",
       "      <th>Sachsen</th>\n",
       "      <td>13.47</td>\n",
       "      <td>1565.00</td>\n",
       "      <td>19.6</td>\n",
       "      <td>3.2</td>\n",
       "      <td>1.91</td>\n",
       "      <td>11.49</td>\n",
       "      <td>43.7</td>\n",
       "      <td>47.0</td>\n",
       "      <td>80</td>\n",
       "      <td>97.4</td>\n",
       "      <td>97.0</td>\n",
       "      <td>97.0</td>\n",
       "    </tr>\n",
       "    <tr>\n",
       "      <th>SachsenAnhalt</th>\n",
       "      <td>12.80</td>\n",
       "      <td>1609.14</td>\n",
       "      <td>20.5</td>\n",
       "      <td>3.0</td>\n",
       "      <td>2.17</td>\n",
       "      <td>14.43</td>\n",
       "      <td>53.3</td>\n",
       "      <td>45.3</td>\n",
       "      <td>49</td>\n",
       "      <td>98.0</td>\n",
       "      <td>98.0</td>\n",
       "      <td>98.0</td>\n",
       "    </tr>\n",
       "    <tr>\n",
       "      <th>Thüringen</th>\n",
       "      <td>13.17</td>\n",
       "      <td>1621.84</td>\n",
       "      <td>16.7</td>\n",
       "      <td>3.6</td>\n",
       "      <td>1.91</td>\n",
       "      <td>10.51</td>\n",
       "      <td>43.4</td>\n",
       "      <td>45.7</td>\n",
       "      <td>45</td>\n",
       "      <td>98.2</td>\n",
       "      <td>97.9</td>\n",
       "      <td>97.9</td>\n",
       "    </tr>\n",
       "  </tbody>\n",
       "</table>\n",
       "</div>"
      ],
      "text/plain": [
       "                        Population_under_18years_2011  \\\n",
       "nameoffederalstate                                      \n",
       "Schleswig-Holstein                              16.88   \n",
       "Hamburg                                         15.30   \n",
       "Niedersachsen                                   17.15   \n",
       "Bremen                                          15.09   \n",
       "NRW                                             16.84   \n",
       "Hessen                                          16.56   \n",
       "RheinlandPfalz                                  16.47   \n",
       "Baden-Württemberg                               17.17   \n",
       "Bayern                                          16.78   \n",
       "Saarland                                        14.77   \n",
       "Berlin                                          14.55   \n",
       "Brandenburg                                     13.78   \n",
       "Mecklenburg-Vorpommern                          13.42   \n",
       "Sachsen                                         13.47   \n",
       "SachsenAnhalt                                   12.80   \n",
       "Thüringen                                       13.17   \n",
       "\n",
       "                        Mean_Household_NetIncome  RiskofPoverty  \\\n",
       "nameoffederalstate                                                \n",
       "Schleswig-Holstein                       1934.69           13.8   \n",
       "Hamburg                                  2361.00           14.7   \n",
       "Niedersachsen                            2046.00           15.7   \n",
       "Bremen                                   1600.00           22.3   \n",
       "NRW                                      1850.00           16.6   \n",
       "Hessen                                   2138.00           12.7   \n",
       "RheinlandPfalz                           2300.00           15.1   \n",
       "Baden-Württemberg                        2280.28           11.2   \n",
       "Bayern                                   1850.00           11.3   \n",
       "Saarland                                 2268.46           15.6   \n",
       "Berlin                                   1750.00           21.1   \n",
       "Brandenburg                              1750.00           16.9   \n",
       "Mecklenburg-Vorpommern                   1594.31           22.2   \n",
       "Sachsen                                  1565.00           19.6   \n",
       "SachsenAnhalt                            1609.14           20.5   \n",
       "Thüringen                                1621.84           16.7   \n",
       "\n",
       "                        AffluenceQuotient  SocialWelfareRecepients_SGBII  \\\n",
       "nameoffederalstate                                                         \n",
       "Schleswig-Holstein                    8.2                           1.63   \n",
       "Hamburg                              12.2                           1.46   \n",
       "Niedersachsen                         7.1                           1.45   \n",
       "Bremen                                7.3                           1.42   \n",
       "NRW                                   8.0                           1.38   \n",
       "Hessen                               10.6                           1.20   \n",
       "RheinlandPfalz                        8.9                           1.38   \n",
       "Baden-Württemberg                    10.1                           1.10   \n",
       "Bayern                               10.2                           1.22   \n",
       "Saarland                              6.3                           1.28   \n",
       "Berlin                                7.3                           1.52   \n",
       "Brandenburg                           5.5                           2.18   \n",
       "Mecklenburg-Vorpommern                3.0                           2.93   \n",
       "Sachsen                               3.2                           1.91   \n",
       "SachsenAnhalt                         3.0                           2.17   \n",
       "Thüringen                             3.6                           1.91   \n",
       "\n",
       "                        AllErz_Empf_SGBII_ALGII_aFmKu18_IV10  \\\n",
       "nameoffederalstate                                             \n",
       "Schleswig-Holstein                                      7.95   \n",
       "Hamburg                                                11.14   \n",
       "Niedersachsen                                           6.25   \n",
       "Bremen                                                 15.13   \n",
       "NRW                                                     8.26   \n",
       "Hessen                                                  6.55   \n",
       "RheinlandPfalz                                          5.63   \n",
       "Baden-Württemberg                                       4.36   \n",
       "Bayern                                                  3.96   \n",
       "Saarland                                                7.82   \n",
       "Berlin                                                 15.54   \n",
       "Brandenburg                                            11.00   \n",
       "Mecklenburg-Vorpommern                                 13.39   \n",
       "Sachsen                                                11.49   \n",
       "SachsenAnhalt                                          14.43   \n",
       "Thüringen                                              10.51   \n",
       "\n",
       "                        avoidablemortalityICD_I10bI25_V06  \\\n",
       "nameoffederalstate                                          \n",
       "Schleswig-Holstein                                   34.0   \n",
       "Hamburg                                              27.8   \n",
       "Niedersachsen                                        37.5   \n",
       "Bremen                                               35.6   \n",
       "NRW                                                  28.8   \n",
       "Hessen                                               32.2   \n",
       "RheinlandPfalz                                       36.2   \n",
       "Baden-Württemberg                                    29.1   \n",
       "Bayern                                               33.4   \n",
       "Saarland                                             39.6   \n",
       "Berlin                                               32.9   \n",
       "Brandenburg                                          41.1   \n",
       "Mecklenburg-Vorpommern                               51.6   \n",
       "Sachsen                                              43.7   \n",
       "SachsenAnhalt                                        53.3   \n",
       "Thüringen                                            43.4   \n",
       "\n",
       "                        Socioeconomicstatus_of_children_enteringschool_SIK4  \\\n",
       "nameoffederalstate                                                            \n",
       "Schleswig-Holstein                                                   48.7     \n",
       "Hamburg                                                              49.8     \n",
       "Niedersachsen                                                        47.2     \n",
       "Bremen                                                               46.3     \n",
       "NRW                                                                  48.1     \n",
       "Hessen                                                               48.3     \n",
       "RheinlandPfalz                                                       47.8     \n",
       "Baden-Württemberg                                                    51.4     \n",
       "Bayern                                                               49.3     \n",
       "Saarland                                                             46.4     \n",
       "Berlin                                                               49.2     \n",
       "Brandenburg                                                          48.0     \n",
       "Mecklenburg-Vorpommern                                               47.4     \n",
       "Sachsen                                                              47.0     \n",
       "SachsenAnhalt                                                        45.3     \n",
       "Thüringen                                                            45.7     \n",
       "\n",
       "                        Number_of_Hospitals_2011  Masern_erste_Dosis  \\\n",
       "nameoffederalstate                                                     \n",
       "Schleswig-Holstein                            94                96.2   \n",
       "Hamburg                                       47                95.9   \n",
       "Niedersachsen                                197                96.6   \n",
       "Bremen                                        14                96.4   \n",
       "NRW                                          401                97.6   \n",
       "Hessen                                       174                97.0   \n",
       "RheinlandPfalz                                95                97.3   \n",
       "Baden-Württemberg                            285                94.1   \n",
       "Bayern                                       370                94.6   \n",
       "Saarland                                      23                97.7   \n",
       "Berlin                                        79                95.4   \n",
       "Brandenburg                                   53                98.0   \n",
       "Mecklenburg-Vorpommern                        39                98.1   \n",
       "Sachsen                                       80                97.4   \n",
       "SachsenAnhalt                                 49                98.0   \n",
       "Thüringen                                     45                98.2   \n",
       "\n",
       "                        Mumps_erste_Dosis  Roeteln_erste_Dosis  \n",
       "nameoffederalstate                                              \n",
       "Schleswig-Holstein                   96.0                 95.9  \n",
       "Hamburg                              95.4                 95.2  \n",
       "Niedersachsen                        96.4                 96.3  \n",
       "Bremen                               96.2                 96.1  \n",
       "NRW                                  97.4                 97.3  \n",
       "Hessen                               97.0                 97.0  \n",
       "RheinlandPfalz                       97.2                 97.2  \n",
       "Baden-Württemberg                    93.5                 93.6  \n",
       "Bayern                               94.2                 94.0  \n",
       "Saarland                             97.2                 97.2  \n",
       "Berlin                               95.0                 95.0  \n",
       "Brandenburg                          97.8                 97.8  \n",
       "Mecklenburg-Vorpommern               98.0                 97.9  \n",
       "Sachsen                              97.0                 97.0  \n",
       "SachsenAnhalt                        98.0                 98.0  \n",
       "Thüringen                            97.9                 97.9  "
      ]
     },
     "execution_count": 9,
     "metadata": {},
     "output_type": "execute_result"
    }
   ],
   "source": [
    "df = pd.read_csv(\"data.csv\", usecols=columns, decimal=\",\")\n",
    "df = df.set_index('nameoffederalstate')\n",
    "df"
   ]
  },
  {
   "cell_type": "code",
   "execution_count": 10,
   "metadata": {},
   "outputs": [
    {
     "data": {
      "text/plain": [
       "Index(['Schleswig-Holstein', 'Hamburg', 'Niedersachsen', 'Bremen', 'NRW',\n",
       "       'Hessen', 'RheinlandPfalz', 'Baden-Württemberg', 'Bayern', 'Saarland',\n",
       "       'Berlin', 'Brandenburg', 'Mecklenburg-Vorpommern', 'Sachsen',\n",
       "       'SachsenAnhalt', 'Thüringen'],\n",
       "      dtype='object', name='nameoffederalstate')"
      ]
     },
     "execution_count": 10,
     "metadata": {},
     "output_type": "execute_result"
    }
   ],
   "source": [
    "df.index"
   ]
  },
  {
   "cell_type": "code",
   "execution_count": 11,
   "metadata": {
    "scrolled": true
   },
   "outputs": [],
   "source": [
    "X = df.values\n"
   ]
  },
  {
   "cell_type": "code",
   "execution_count": 12,
   "metadata": {},
   "outputs": [],
   "source": [
    "from sklearn.preprocessing import StandardScaler\n",
    "X_std = StandardScaler().fit_transform(X)"
   ]
  },
  {
   "cell_type": "code",
   "execution_count": 13,
   "metadata": {},
   "outputs": [
    {
     "name": "stdout",
     "output_type": "stream",
     "text": [
      "Covariance matrix \n",
      "[[ 1.06666667  0.68181914 -0.75745464  0.85015168 -0.80234718 -0.81454034\n",
      "  -0.83619211  0.64593049  0.73467894 -0.64556831 -0.60983518 -0.61746337]\n",
      " [ 0.68181914  1.06666667 -0.75922819  0.80605075 -0.68937747 -0.69575089\n",
      "  -0.65442071  0.56529748  0.21384673 -0.39584752 -0.4101376  -0.40438692]\n",
      " [-0.75745464 -0.75922819  1.06666667 -0.74742604  0.68326281  0.96970526\n",
      "   0.63521699 -0.62147553 -0.60782915  0.5128907   0.51417375  0.51128402]\n",
      " [ 0.85015168  0.80605075 -0.74742604  1.06666667 -0.82816885 -0.5854254\n",
      "  -0.95619689  0.79289808  0.4870516  -0.74076555 -0.72150571 -0.73370915]\n",
      " [-0.80234718 -0.68937747  0.68326281 -0.82816885  1.06666667  0.62557115\n",
      "   0.88022814 -0.4618094  -0.51827433  0.65548562  0.65806604  0.65147897]\n",
      " [-0.81454034 -0.69575089  0.96970526 -0.5854254   0.62557115  1.06666667\n",
      "   0.49780233 -0.46780903 -0.69674418  0.38256956  0.37816681  0.37422662]\n",
      " [-0.83619211 -0.65442071  0.63521699 -0.95619689  0.88022814  0.49780233\n",
      "   1.06666667 -0.77731848 -0.555707    0.71429136  0.71698812  0.72279796]\n",
      " [ 0.64593049  0.56529748 -0.62147553  0.79289808 -0.4618094  -0.46780903\n",
      "  -0.77731848  1.06666667  0.53298079 -0.84973657 -0.85141439 -0.84784192]\n",
      " [ 0.73467894  0.21384673 -0.60782915  0.4870516  -0.51827433 -0.69674418\n",
      "  -0.555707    0.53298079  1.06666667 -0.49596845 -0.47512741 -0.48159088]\n",
      " [-0.64556831 -0.39584752  0.5128907  -0.74076555  0.65548562  0.38256956\n",
      "   0.71429136 -0.84973657 -0.49596845  1.06666667  1.06044945  1.0597031 ]\n",
      " [-0.60983518 -0.4101376   0.51417375 -0.72150571  0.65806604  0.37816681\n",
      "   0.71698812 -0.85141439 -0.47512741  1.06044945  1.06666667  1.06487047]\n",
      " [-0.61746337 -0.40438692  0.51128402 -0.73370915  0.65147897  0.37422662\n",
      "   0.72279796 -0.84784192 -0.48159088  1.0597031   1.06487047  1.06666667]]\n"
     ]
    }
   ],
   "source": [
    "import numpy as np\n",
    "mean_vec = np.mean(X_std, axis=0)\n",
    "cov_mat = (X_std - mean_vec).T.dot((X_std - mean_vec)) / (X_std.shape[0]-1)\n",
    "print('Covariance matrix \\n%s' %cov_mat)"
   ]
  },
  {
   "cell_type": "code",
   "execution_count": 14,
   "metadata": {},
   "outputs": [
    {
     "name": "stdout",
     "output_type": "stream",
     "text": [
      "NumPy covariance matrix: \n",
      "[[ 1.06666667  0.68181914 -0.75745464  0.85015168 -0.80234718 -0.81454034\n",
      "  -0.83619211  0.64593049  0.73467894 -0.64556831 -0.60983518 -0.61746337]\n",
      " [ 0.68181914  1.06666667 -0.75922819  0.80605075 -0.68937747 -0.69575089\n",
      "  -0.65442071  0.56529748  0.21384673 -0.39584752 -0.4101376  -0.40438692]\n",
      " [-0.75745464 -0.75922819  1.06666667 -0.74742604  0.68326281  0.96970526\n",
      "   0.63521699 -0.62147553 -0.60782915  0.5128907   0.51417375  0.51128402]\n",
      " [ 0.85015168  0.80605075 -0.74742604  1.06666667 -0.82816885 -0.5854254\n",
      "  -0.95619689  0.79289808  0.4870516  -0.74076555 -0.72150571 -0.73370915]\n",
      " [-0.80234718 -0.68937747  0.68326281 -0.82816885  1.06666667  0.62557115\n",
      "   0.88022814 -0.4618094  -0.51827433  0.65548562  0.65806604  0.65147897]\n",
      " [-0.81454034 -0.69575089  0.96970526 -0.5854254   0.62557115  1.06666667\n",
      "   0.49780233 -0.46780903 -0.69674418  0.38256956  0.37816681  0.37422662]\n",
      " [-0.83619211 -0.65442071  0.63521699 -0.95619689  0.88022814  0.49780233\n",
      "   1.06666667 -0.77731848 -0.555707    0.71429136  0.71698812  0.72279796]\n",
      " [ 0.64593049  0.56529748 -0.62147553  0.79289808 -0.4618094  -0.46780903\n",
      "  -0.77731848  1.06666667  0.53298079 -0.84973657 -0.85141439 -0.84784192]\n",
      " [ 0.73467894  0.21384673 -0.60782915  0.4870516  -0.51827433 -0.69674418\n",
      "  -0.555707    0.53298079  1.06666667 -0.49596845 -0.47512741 -0.48159088]\n",
      " [-0.64556831 -0.39584752  0.5128907  -0.74076555  0.65548562  0.38256956\n",
      "   0.71429136 -0.84973657 -0.49596845  1.06666667  1.06044945  1.0597031 ]\n",
      " [-0.60983518 -0.4101376   0.51417375 -0.72150571  0.65806604  0.37816681\n",
      "   0.71698812 -0.85141439 -0.47512741  1.06044945  1.06666667  1.06487047]\n",
      " [-0.61746337 -0.40438692  0.51128402 -0.73370915  0.65147897  0.37422662\n",
      "   0.72279796 -0.84784192 -0.48159088  1.0597031   1.06487047  1.06666667]]\n"
     ]
    }
   ],
   "source": [
    "print('NumPy covariance matrix: \\n%s' %np.cov(X_std.T))"
   ]
  },
  {
   "cell_type": "code",
   "execution_count": 15,
   "metadata": {},
   "outputs": [
    {
     "name": "stdout",
     "output_type": "stream",
     "text": [
      "Eigenvectors \n",
      "[[-0.31091227  0.20051763 -0.10225829  0.24090637  0.09729815  0.71164697\n",
      "  -0.35229779  0.14155954  0.30738091 -0.12706103  0.14351226  0.05787166]\n",
      " [-0.25165961  0.30447358  0.50768812 -0.27575184  0.02202811  0.24862376\n",
      "   0.59054108 -0.1006154   0.20559085  0.18396273 -0.10735639 -0.03715444]\n",
      " [ 0.28521994 -0.33607261  0.08014744  0.36844139  0.15070483  0.48864346\n",
      "   0.35487025  0.06341474 -0.51786437  0.05388729 -0.03105274 -0.00646477]\n",
      " [-0.32274143  0.03424911  0.29331511  0.11937245  0.2535619  -0.06540742\n",
      "  -0.29685056 -0.70346727 -0.35705371 -0.04690514  0.06407352  0.09502818]\n",
      " [ 0.29402878 -0.11189949 -0.19032283 -0.49019947  0.45738017  0.23282842\n",
      "  -0.23853065 -0.15034439  0.08901782  0.48492639 -0.19417008  0.02866149]\n",
      " [ 0.25456845 -0.44743936  0.25978777  0.28388098  0.23454277 -0.09847233\n",
      "   0.08208843 -0.23202932  0.65350184 -0.15751849  0.09528674  0.02598649]\n",
      " [ 0.31278911  0.01970908 -0.20320885 -0.41049424 -0.32383385  0.2944154\n",
      "   0.12696576 -0.42530778 -0.01201343 -0.47999711  0.26482926  0.05237633]\n",
      " [-0.29350165 -0.21667301 -0.01780655 -0.36142108  0.57162131 -0.09022465\n",
      "   0.13119373  0.3260945  -0.13022941 -0.47222455  0.19217826 -0.02526442]\n",
      " [-0.2320809   0.13698133 -0.69458834  0.25255311  0.22847247 -0.09883692\n",
      "   0.45549298 -0.3007754   0.11468344  0.08079122 -0.03907743  0.00488678]\n",
      " [ 0.29854582  0.39351832  0.07489105  0.08884807  0.21580716 -0.13116326\n",
      "   0.06290708  0.11026181 -0.04380009  0.22133486  0.70014684  0.3485777 ]\n",
      " [ 0.29667923  0.39915522  0.0528455   0.11694945  0.24292894 -0.02903057\n",
      "  -0.06785013 -0.04325399 -0.01950547 -0.15605461  0.00921463 -0.80314165]\n",
      " [ 0.29705314  0.3999577   0.05622278  0.10274881  0.22232672 -0.04639129\n",
      "  -0.00959523  0.0528207  -0.00587088 -0.3894624  -0.5631545   0.46341463]]\n",
      "\n",
      "Eigenvalues \n",
      "[8.41276178e+00 1.79125234e+00 9.81258371e-01 6.50303230e-01\n",
      " 4.65795250e-01 2.11086486e-01 1.41589068e-01 9.75897660e-02\n",
      " 2.28020372e-02 2.44726214e-02 1.00220723e-03 8.68413447e-05]\n"
     ]
    }
   ],
   "source": [
    "cov_mat = np.cov(X_std.T)\n",
    "\n",
    "eig_vals, eig_vecs = np.linalg.eig(cov_mat)\n",
    "\n",
    "print('Eigenvectors \\n%s' %eig_vecs)\n",
    "print('\\nEigenvalues \\n%s' %eig_vals)"
   ]
  },
  {
   "cell_type": "code",
   "execution_count": 16,
   "metadata": {},
   "outputs": [
    {
     "name": "stdout",
     "output_type": "stream",
     "text": [
      "Eigenvectors \n",
      "[[-0.31091227  0.20051763 -0.10225829  0.24090637  0.09729815  0.71164697\n",
      "  -0.35229779  0.14155954  0.30738091 -0.12706103  0.14351226  0.05787166]\n",
      " [-0.25165961  0.30447358  0.50768812 -0.27575184  0.02202811  0.24862376\n",
      "   0.59054108 -0.1006154   0.20559085  0.18396273 -0.10735639 -0.03715444]\n",
      " [ 0.28521994 -0.33607261  0.08014744  0.36844139  0.15070483  0.48864346\n",
      "   0.35487025  0.06341474 -0.51786437  0.05388729 -0.03105274 -0.00646477]\n",
      " [-0.32274143  0.03424911  0.29331511  0.11937245  0.2535619  -0.06540742\n",
      "  -0.29685056 -0.70346727 -0.35705371 -0.04690514  0.06407352  0.09502818]\n",
      " [ 0.29402878 -0.11189949 -0.19032283 -0.49019947  0.45738017  0.23282842\n",
      "  -0.23853065 -0.15034439  0.08901782  0.48492639 -0.19417008  0.02866149]\n",
      " [ 0.25456845 -0.44743936  0.25978777  0.28388098  0.23454277 -0.09847233\n",
      "   0.08208843 -0.23202932  0.65350184 -0.15751849  0.09528674  0.02598649]\n",
      " [ 0.31278911  0.01970908 -0.20320885 -0.41049424 -0.32383385  0.2944154\n",
      "   0.12696576 -0.42530778 -0.01201343 -0.47999711  0.26482926  0.05237633]\n",
      " [-0.29350165 -0.21667301 -0.01780655 -0.36142108  0.57162131 -0.09022465\n",
      "   0.13119373  0.3260945  -0.13022941 -0.47222455  0.19217826 -0.02526442]\n",
      " [-0.2320809   0.13698133 -0.69458834  0.25255311  0.22847247 -0.09883692\n",
      "   0.45549298 -0.3007754   0.11468344  0.08079122 -0.03907743  0.00488678]\n",
      " [ 0.29854582  0.39351832  0.07489105  0.08884807  0.21580716 -0.13116326\n",
      "   0.06290708  0.11026181 -0.04380009  0.22133486  0.70014684  0.3485777 ]\n",
      " [ 0.29667923  0.39915522  0.0528455   0.11694945  0.24292894 -0.02903057\n",
      "  -0.06785013 -0.04325399 -0.01950547 -0.15605461  0.00921463 -0.80314165]\n",
      " [ 0.29705314  0.3999577   0.05622278  0.10274881  0.22232672 -0.04639129\n",
      "  -0.00959523  0.0528207  -0.00587088 -0.3894624  -0.5631545   0.46341463]]\n",
      "\n",
      "Eigenvalues \n",
      "[7.88696417e+00 1.67929907e+00 9.19929723e-01 6.09659279e-01\n",
      " 4.36683047e-01 1.97893581e-01 1.32739751e-01 9.14904056e-02\n",
      " 2.13769098e-02 2.29430826e-02 9.39569279e-04 8.14137607e-05]\n"
     ]
    }
   ],
   "source": [
    "cor_mat1 = np.corrcoef(X_std.T)\n",
    "\n",
    "eig_vals, eig_vecs = np.linalg.eig(cor_mat1)\n",
    "\n",
    "print('Eigenvectors \\n%s' %eig_vecs)\n",
    "print('\\nEigenvalues \\n%s' %eig_vals)"
   ]
  },
  {
   "cell_type": "code",
   "execution_count": 17,
   "metadata": {},
   "outputs": [],
   "source": [
    "cor_df = pd.DataFrame(cor_mat1)"
   ]
  },
  {
   "cell_type": "code",
   "execution_count": 18,
   "metadata": {},
   "outputs": [],
   "source": [
    "cor_df_copy = cor_df\n",
    "#cor_df_copy.to_csv('corr.csv', sep='\\t')\n",
    "\n",
    "# Select upper triangle of correlation matrix\n",
    "upper = cor_df_copy.where(np.triu(np.ones(cor_df_copy.shape), k=1).astype(np.bool))\n",
    "\n",
    "# Find index of feature columns with correlation greater than 0.95\n",
    "to_droop = [column for column in upper.columns if any(upper[column] > 0.80)]"
   ]
  },
  {
   "cell_type": "code",
   "execution_count": 19,
   "metadata": {},
   "outputs": [
    {
     "name": "stdout",
     "output_type": "stream",
     "text": [
      "Eigenvectors \n",
      "[[-0.31091227  0.20051763 -0.10225829  0.24090637  0.09729815  0.71164697\n",
      "  -0.35229779  0.14155954  0.30738091 -0.12706103  0.14351226  0.05787166]\n",
      " [-0.25165961  0.30447358  0.50768812 -0.27575184  0.02202811  0.24862376\n",
      "   0.59054108 -0.1006154   0.20559085  0.18396273 -0.10735639 -0.03715444]\n",
      " [ 0.28521994 -0.33607261  0.08014744  0.36844139  0.15070483  0.48864346\n",
      "   0.35487025  0.06341474 -0.51786437  0.05388729 -0.03105274 -0.00646477]\n",
      " [-0.32274143  0.03424911  0.29331511  0.11937245  0.2535619  -0.06540742\n",
      "  -0.29685056 -0.70346727 -0.35705371 -0.04690514  0.06407352  0.09502818]\n",
      " [ 0.29402878 -0.11189949 -0.19032283 -0.49019947  0.45738017  0.23282842\n",
      "  -0.23853065 -0.15034439  0.08901782  0.48492639 -0.19417008  0.02866149]\n",
      " [ 0.25456845 -0.44743936  0.25978777  0.28388098  0.23454277 -0.09847233\n",
      "   0.08208843 -0.23202932  0.65350184 -0.15751849  0.09528674  0.02598649]\n",
      " [ 0.31278911  0.01970908 -0.20320885 -0.41049424 -0.32383385  0.2944154\n",
      "   0.12696576 -0.42530778 -0.01201343 -0.47999711  0.26482926  0.05237633]\n",
      " [-0.29350165 -0.21667301 -0.01780655 -0.36142108  0.57162131 -0.09022465\n",
      "   0.13119373  0.3260945  -0.13022941 -0.47222455  0.19217826 -0.02526442]\n",
      " [-0.2320809   0.13698133 -0.69458834  0.25255311  0.22847247 -0.09883692\n",
      "   0.45549298 -0.3007754   0.11468344  0.08079122 -0.03907743  0.00488678]\n",
      " [ 0.29854582  0.39351832  0.07489105  0.08884807  0.21580716 -0.13116326\n",
      "   0.06290708  0.11026181 -0.04380009  0.22133486  0.70014684  0.3485777 ]\n",
      " [ 0.29667923  0.39915522  0.0528455   0.11694945  0.24292894 -0.02903057\n",
      "  -0.06785013 -0.04325399 -0.01950547 -0.15605461  0.00921463 -0.80314165]\n",
      " [ 0.29705314  0.3999577   0.05622278  0.10274881  0.22232672 -0.04639129\n",
      "  -0.00959523  0.0528207  -0.00587088 -0.3894624  -0.5631545   0.46341463]]\n",
      "\n",
      "Eigenvalues \n",
      "[7.88696417e+00 1.67929907e+00 9.19929723e-01 6.09659279e-01\n",
      " 4.36683047e-01 1.97893581e-01 1.32739751e-01 9.14904056e-02\n",
      " 2.13769098e-02 2.29430826e-02 9.39569279e-04 8.14137607e-05]\n"
     ]
    }
   ],
   "source": [
    "cor_mat2 = np.corrcoef(X.T)\n",
    "\n",
    "eig_vals, eig_vecs = np.linalg.eig(cor_mat2)\n",
    "\n",
    "print('Eigenvectors \\n%s' %eig_vecs)\n",
    "print('\\nEigenvalues \\n%s' %eig_vals)"
   ]
  },
  {
   "cell_type": "code",
   "execution_count": 20,
   "metadata": {},
   "outputs": [
    {
     "data": {
      "text/plain": [
       "array([[-0.31091227,  0.20051763, -0.10225829,  0.24090637,  0.09729815,\n",
       "        -0.71164697,  0.35229779, -0.14155954,  0.12706103, -0.30738091,\n",
       "         0.14351226,  0.05787166],\n",
       "       [-0.25165961,  0.30447358,  0.50768812, -0.27575184,  0.02202811,\n",
       "        -0.24862376, -0.59054108,  0.1006154 , -0.18396273, -0.20559085,\n",
       "        -0.10735639, -0.03715444],\n",
       "       [ 0.28521994, -0.33607261,  0.08014744,  0.36844139,  0.15070483,\n",
       "        -0.48864346, -0.35487025, -0.06341474, -0.05388729,  0.51786437,\n",
       "        -0.03105274, -0.00646477],\n",
       "       [-0.32274143,  0.03424911,  0.29331511,  0.11937245,  0.2535619 ,\n",
       "         0.06540742,  0.29685056,  0.70346727,  0.04690514,  0.35705371,\n",
       "         0.06407352,  0.09502818],\n",
       "       [ 0.29402878, -0.11189949, -0.19032283, -0.49019947,  0.45738017,\n",
       "        -0.23282842,  0.23853065,  0.15034439, -0.48492639, -0.08901782,\n",
       "        -0.19417008,  0.02866149],\n",
       "       [ 0.25456845, -0.44743936,  0.25978777,  0.28388098,  0.23454277,\n",
       "         0.09847233, -0.08208843,  0.23202932,  0.15751849, -0.65350184,\n",
       "         0.09528674,  0.02598649],\n",
       "       [ 0.31278911,  0.01970908, -0.20320885, -0.41049424, -0.32383385,\n",
       "        -0.2944154 , -0.12696576,  0.42530778,  0.47999711,  0.01201343,\n",
       "         0.26482926,  0.05237633],\n",
       "       [-0.29350165, -0.21667301, -0.01780655, -0.36142108,  0.57162131,\n",
       "         0.09022465, -0.13119373, -0.3260945 ,  0.47222455,  0.13022941,\n",
       "         0.19217826, -0.02526442],\n",
       "       [-0.2320809 ,  0.13698133, -0.69458834,  0.25255311,  0.22847247,\n",
       "         0.09883692, -0.45549298,  0.3007754 , -0.08079122, -0.11468344,\n",
       "        -0.03907743,  0.00488678],\n",
       "       [ 0.29854582,  0.39351832,  0.07489105,  0.08884807,  0.21580716,\n",
